100 700 5
0 8

141 136 139 132 152

5 22 20 13 24
19 18 22 27 7
6 13 6 15 10
24 31 33 38 9
22 11 28 7 32
12 20 34 15 19
11 17 4 12 26
27 13 12 3 13
30 38 14 6 10
14 7 2 22 39
11 3 2 34 33
36 14 7 12 15
27 37 5 27 8
36 7 33 20 27
11 6 20 1 15
37 8 7 4 36
3 4 20 6 3
16 31 36 12 15
26 28 30 31 13
16 24 35 35 30
13 37 6 33 21
11 29 21 21 26
32 13 19 22 19
10 29 30 36 2
30 1 1 22 29
7 11 26 38 13
5 12 6 1 17
7 15 37 3 6
28 6 10 12 29
1 36 28 21 17
36 9 35 6 21
38 1 35 15 21
19 1 15 17 37
15 37 20 30 17
37 30 9 19 10
33 19 2 24 31
30 24 39 36 19
14 16 27 23 30
29 22 21 38 12
16 37 39 9 24
32 32 1 4 5
26 32 1 22 37
37 13 20 33 26
27 18 18 22 21
28 36 3 5 23
32 27 10 5 13
25 31 8 14 34
15 8 33 21 30
25 22 19 19 23
8 30 33 29 13
32 25 8 16 23
8 14 19 32 38
19 17 12 10 15
33 2 37 5 23
24 2 5 31 24
22 14 23 19 27
38 20 30 23 22
38 25 8 4 21
33 24 2 17 8
28 19 27 30 2
23 28 13 28 11
32 14 25 11 19
33 21 31 27 39
26 11 26 30 26
24 6 2 32 34
1 6 15 1 33
29 26 27 16 38
32 22 9 10 13
22 5 32 20 15
20 10 12 33 27
31 30 18 22 5
37 38 4 25 25
39 6 21 17 4
36 30 32 6 28
33 27 3 27 11
14 10 13 28 4
36 4 31 20 25
13 8 10 27 9
20 25 10 37 28
9 19 21 30 38
1 20 39 15 29
34 19 11 27 2
10 32 14 6 12
9 12 34 23 13
28 6 23 6 35
34 18 25 13 9
38 18 27 39 38
4 24 36 3 36
36 37 6 22 22
30 8 17 36 39
23 10 33 30 8
16 14 12 31 4
5 18 39 16 22
17 25 12 20 2
2 30 3 39 22
22 31 26 16 23
33 29 18 36 24
37 34 15 7 2
11 25 8 15 38
15 1 17 30 25
